6
10
33 34 15 17 14 14 39 83 21 28 2 25 19 44 35 58 7 31 18 57 
5
79
17
4
73
52

25
104 119 64 106 45 161 67 181 108 135 59 164 82 151 28 127 61 179 1 10 40 76 85 123 38 64 101 102 89 159 37 147 75 185 91 111 22 126 39 118 114 160 1 75 55 82 32 82 23 31 
25
36
224
36
77
249
245
64
19
13
79
59
149
188
162
61
121
119
148
108
47
175
233
248
208
140

50
1 500 500 500 178 314 156 368 249 422 12 193 10 58 32 118 225 329 220 341 205 276 124 297 209 449 152 190 231 471 210 438 10 246 249 381 134 358 158 344 205 266 143 278 51 150 202 292 221 367 9 74 22 244 98 247 234 462 156 225 24 239 134 368 21 119 86 263 97 117 222 271 187 348 206 214 139 297 199 217 164 409 211 326 128 285 159 173 98 203 193 428 11 203 238 479 67 200 227 392 
50
30
359
397
395
119
5
365
238
356
72
290
258
141
463
406
189
98
80
223
304
428
15
426
172
163
444
396
385
387
185
166
445
377
283
99
186
126
284
260
392
79
433
479
114
240
406
253
440
27
343

15
195 195 55 55 132 132 88 216 175 307 57 155 66 116 11 13 177 299 14 208 194 287 107 141 85 275 35 97 152 236 
8
195
395
296
187
101
276
349
132

20
150 169 200 284 158 197 208 298 118 283 168 341 100 115 150 257 30 211 80 305 171 191 221 295 154 155 204 277 109 185 159 292 23 39 73 219 162 224 212 312 
15
350
203
62
138
296
201
209
169
151
81
222
205
160
74
213

15
218 255 46 218 196 214 10 151 75 243 151 333 4 144 47 198 51 190 183 378 28 102 12 179 149 305 6 187 178 330 
8
218
145
139
170
269
244
196
279

