6
10
17 57 32 57 20 25 41 58 2 14 12 23 45 61 26 41 40 88 29 45 
5
12
2
59
45
83

25
11 83 78 92 88 112 122 193 92 95 60 161 31 111 22 46 62 138 30 120 35 66 90 178 15 88 92 109 120 147 35 81 112 217 114 128 95 198 27 121 97 217 111 146 22 86 105 218 82 183 
25
148
29
249
94
28
140
143
117
36
219
30
74
192
240
89
108
75
7
69
124
31
221
229
105
211

50
1 500 500 500 173 262 54 132 145 199 140 159 231 311 113 158 84 163 182 356 86 309 222 343 118 227 21 129 142 355 196 310 203 389 100 344 113 342 57 61 68 254 244 314 3 119 124 231 27 162 176 368 116 158 36 151 146 253 43 157 78 270 183 430 141 319 218 342 249 343 155 344 103 332 143 273 204 205 14 45 159 305 90 166 232 251 212 447 112 198 16 75 223 271 143 263 83 213 12 215 
50
314
232
352
167
425
61
84
379
333
125
385
257
264
75
80
281
67
288
2
120
200
23
456
288
430
491
464
117
483
32
167
395
4
60
286
400
287
454
11
18
478
342
468
321
244
49
192
112
272
3

15
163 163 103 103 151 151 46 63 50 105 157 172 44 179 63 236 12 66 74 169 84 207 157 328 28 39 94 123 2 124 
8
163
240
309
91
264
389
363
151

20
19 192 69 296 140 229 190 314 149 212 199 306 23 45 73 222 7 54 57 227 28 222 78 311 142 219 192 309 190 227 240 313 49 201 99 300 63 162 113 281 
15
196
23
300
298
332
70
191
200
74
58
79
193
241
100
114

15
297 374 68 297 137 152 176 207 133 326 185 307 184 303 15 90 101 245 85 192 117 217 60 158 118 268 146 249 199 283 
8
297
162
80
171
387
120
312
199

