10
100 20
16 54 3 91 36 56 49 31 38 76 36 77 65 34 3 17 77 70 10 75 69 7 100 64 86 30 98 57 76 82 82 92 35 84 34 22 92 82 53 29 9 40 57 73 26 12 41 54 81 2 28 49 8 79 65 46 60 14 2 36 95 84 79 81 19 12 3 10 45 7 90 5 46 99 30 23 10 70 77 42 24 56 90 83 35 6 28 94 20 30 81 14 65 11 95 83 74 49 45 18
55 4965
23 4951
84 4999
75 4958
73 5000
34 5003
6 4975
31 4959
81 4993
86 4951
39 5033
66 5048
29 5039
38 5049
60 4969
72 5037
67 5005
65 5000
97 5012
95 5030
10 10
81 69 99 8 99 90 40 8 75 92
7 51
7 55
3 46
8 50
1 47
9 50
8 52
10 46
2 55
6 53
12 20
18 83 41 25 33 31 65 40 57 56 38 53
8 76
5 68
8 76
5 72
11 75
12 78
11 76
6 74
12 71
8 73
2 67
10 69
2 69
2 68
1 76
3 67
5 71
10 78
2 77
11 75
900 20
2 80 72 28 18 96 39 69 63 20 3 71 26 68 12 95 77 10 24 24 61 15 12 40 41 28 21 82 42 56 83 43 36 6 22 53 1 13 21 64 32 75 86 57 95 97 4 71 59 27 46 71 93 58 10 33 37 82 15 31 37 49 25 24 6 47 28 6 59 49 21 42 75 58 99 69 7 54 40 65 32 37 87 24 94 48 9 83 29 75 13 17 23 37 93 28 83 20 85 93 20 58 35 95 15 85 63 73 38 54 37 21 91 75 44 36 22 52 18 2 26 30 19 100 19 63 79 1 82 64 46 2 21 80 96 87 64 10 60 53 64 48 25 54 23 68 89 96 72 59 98 49 40 68 49 58 30 27 59 11 42 56 64 62 35 11 1 50 21 12 54 36 11 78 41 85 97 81 81 68 39 78 17 79 45 17 36 74 43 46 36 37 1 100 50 87 62 50 36 82 13 41 69 24 18 9 8 15 90 88 34 28 17 2 58 61 70 94 86 65 91 74 1 92 25 50 30 86 100 66 20 12 6 88 87 76 97 95 42 38 34 75 17 51 29 75 11 98 20 49 62 10 22 14 53 46 64 83 31 15 100 50 78 57 90 65 32 38 59 73 75 92 100 43 42 80 17 5 29 88 53 91 50 26 56 54 71 19 88 53 33 87 55 11 44 44 75 27 33 85 52 7 28 3 49 22 82 18 26 10 5 30 52 54 55 8 60 77 78 47 29 11 34 83 73 29 78 99 7 10 35 58 68 62 60 69 83 93 38 60 3 42 89 6 48 43 13 7 71 43 53 100 53 38 34 77 18 64 75 25 25 9 34 45 22 46 13 5 38 2 16 92 43 5 98 42 99 62 100 70 4 5 21 8 94 6 84 12 21 10 88 46 70 21 90 44 18 54 100 56 55 15 99 49 19 48 43 70 62 94 91 65 98 11 25 44 68 60 7 89 22 94 34 91 66 75 34 84 80 33 91 34 48 41 34 18 89 76 39 50 22 29 66 19 91 90 14 59 2 20 47 23 13 32 65 31 6 99 66 37 83 8 70 82 48 55 52 36 83 90 37 4 19 3 74 9 44 88 19 45 7 65 67 72 48 84 54 5 82 19 41 16 78 62 50 25 17 1 13 99 90 1 54 60 3 27 21 99 14 39 43 73 56 62 96 3 97 49 8 78 19 48 45 96 10 94 72 78 46 36 28 88 37 81 47 91 59 19 89 25 10 84 97 65 97 44 67 93 92 26 22 62 74 18 9 35 12 80 64 9 68 91 96 4 23 95 94 81 13 35 5 22 70 53 86 66 96 5 10 39 30 83 100 55 100 8 89 11 40 52 72 7 94 67 10 16 61 55 97 26 41 53 47 10 6 85 27 1 41 88 92 70 70 91 25 70 51 65 32 90 69 3 96 62 70 57 78 82 11 26 7 4 78 54 13 35 90 92 88 30 79 79 51 49 69 27 18 19 44 1 8 12 4 55 73 25 11 2 6 74 27 13 77 57 18 41 91 7 32 78 88 63 56 38 11 77 17 80 47 60 80 7 71 35 61 95 59 72 97 65 97 75 29 73 83 46 13 26 52 45 3 91 7 11 80 69 39 96 100 85 55 31 91 77 66 4 72 76 27 20 92 23 46 20 95 29 65 59 54 68 55 8 58 61 18 38 81 8 85 80 93 40 63 35 68 28 38 39 55 16 58 47 38 4 18 84 84 83 43 37 2 97 96 12 10 14 1 90 73 85 22 65 76 84 100 44 63 89 82 69 5 92 67 94 47 85 78 82 67 20 18 20 16 65 31 25 30 31 67 3 68 40 67 43 75 18 38 89 59 72 57 15 63 24 8 61 8 85 42 26 4 11 45 72 75 28 96 57 10 14 59 77 53 25 72 27 95 9 15 53 80 72 19 94 47 26 6 54 11 47 31 66 9 27 89 36 54 85 92 64 50 50 40 3 26 11 29 72 72 96 76 51 19 94 97 65 20 2 70 82 1 100 99 9 26 88 96 32 24 39 95 73 88 86 27 66 49 8 37 20
303 404838
522 404730
706 405033
37 405074
520 404645
510 405179
657 405242
32 404717
648 405423
765 404980
366 405040
795 405045
897 405129
171 404906
329 404592
416 404768
571 405414
555 405022
455 404860
805 405325
97 20
15 97 4 75 28 89 22 7 54 92 25 64 38 30 12 59 52 56 39 10 23 21 33 60 75 61 66 65 17 91 64 83 39 67 57 18 56 30 25 61 21 1 76 11 30 88 69 33 95 60 42 18 80 26 29 55 86 94 71 55 84 35 37 74 53 46 91 60 75 67 72 48 67 100 58 48 87 78 80 33 37 74 2 17 51 30 23 37 23 45 43 58 31 79 31 36 24
88 4702
45 4727
13 4690
92 4693
61 4724
50 4733
95 4712
59 4741
36 4734
8 4693
69 4719
44 4694
96 4728
44 4673
37 4683
92 4727
56 4715
84 4752
36 4742
62 4724
917 20
13 38 7 53 10 21 94 98 85 16 60 86 65 66 80 20 3 5 9 27 54 71 98 4 24 86 4 36 44 57 5 56 46 11 8 55 83 53 52 67 21 11 4 85 77 84 4 31 88 64 10 93 34 59 49 58 44 52 93 39 8 97 95 54 59 54 60 41 7 12 59 27 22 63 11 50 98 67 33 37 30 42 30 16 52 78 25 95 81 69 86 40 65 32 93 75 85 53 67 91 16 77 69 89 39 32 91 36 98 23 73 79 16 54 46 67 83 70 13 63 38 98 2 54 29 47 80 66 51 98 8 66 75 77 6 13 60 96 1 57 70 25 87 85 78 85 3 12 54 16 26 44 65 27 49 46 25 29 11 75 26 70 92 100 98 50 65 57 45 65 65 15 89 52 51 18 88 54 81 41 21 6 36 37 84 85 82 9 13 44 35 90 14 79 90 11 28 54 20 24 70 84 38 10 87 41 79 74 94 59 67 66 64 2 2 47 86 84 7 50 79 42 40 44 20 81 7 99 34 26 22 55 61 12 64 48 52 94 73 97 52 39 62 67 41 63 65 78 98 72 28 29 13 19 72 84 99 78 82 84 55 55 38 16 66 53 63 17 46 35 13 49 26 74 67 18 89 31 95 38 2 74 66 66 92 90 1 42 67 34 25 74 89 14 89 54 66 3 71 63 37 35 63 14 61 29 31 49 60 26 38 13 51 4 79 95 93 31 36 11 65 61 84 53 26 24 58 92 26 80 6 15 15 69 28 75 97 59 75 8 36 64 21 86 19 51 32 63 81 68 74 97 80 9 1 5 33 11 48 10 90 54 24 56 74 52 30 70 62 56 30 49 72 50 34 90 52 66 53 84 85 78 33 64 38 33 68 22 43 16 32 85 21 55 40 94 58 22 15 71 77 44 19 100 45 5 90 96 22 94 32 6 71 64 69 8 48 88 30 91 55 13 27 75 19 66 20 77 87 35 99 16 78 18 15 75 22 4 22 43 97 53 48 19 68 68 27 16 7 8 58 14 20 84 40 90 49 60 66 36 46 65 51 75 34 17 49 55 21 71 49 69 75 96 88 43 15 66 10 73 25 67 86 96 50 78 85 50 37 3 37 82 19 39 56 52 56 57 6 28 79 54 96 53 1 35 95 67 52 4 39 76 22 77 23 23 54 60 73 42 62 61 75 80 100 82 31 55 38 88 82 16 93 29 69 45 64 15 63 67 71 53 95 44 29 17 67 34 76 91 75 37 3 1 68 2 83 50 8 72 89 89 88 81 18 8 77 33 74 39 99 96 92 93 40 72 62 58 6 89 100 32 78 2 33 45 56 67 47 63 38 35 52 77 68 21 84 44 5 10 83 55 5 26 100 96 97 61 5 2 49 56 86 78 58 70 23 65 36 21 27 25 55 30 2 22 50 85 66 6 46 100 61 3 77 60 98 73 72 55 27 72 10 12 50 19 33 24 83 20 44 10 44 50 39 45 72 41 82 89 98 27 40 58 29 16 69 79 88 92 33 14 16 94 77 17 13 9 40 95 28 35 4 24 84 95 68 7 87 1 47 84 80 86 94 60 1 62 38 41 6 22 6 21 16 35 37 28 95 28 74 75 14 30 98 49 24 17 56 62 18 2 45 49 40 90 8 40 4 46 32 9 19 90 81 86 24 17 13 18 96 39 92 9 68 41 9 43 58 64 4 27 18 100 75 57 90 34 48 93 79 32 53 50 21 33 35 44 1 100 13 96 38 57 56 5 97 64 99 6 80 54 32 49 53 58 5 94 92 52 38 22 83 90 23 55 22 58 98 74 57 63 69 46 19 76 2 67 92 100 73 23 5 56 71 57 66 75 3 9 78 40 82 13 82 5 67 3 62 17 29 70 31 97 67 1 25 68 67 68 19 91 90 23 99 12 31 16 38 33 24 15 25 5 79 6 9 98 60 22 66 88 43 96 37 9 48 13 28 14 80 98 57 21 20 55 32 3 70 69 35 45 35 11 49 14 16 10 63 76 83 28 63 26 75 51 86 22 63 14 87 42 63 43 14 83 49 45 85 70 65 71 14 100 82 15 65
23 420392
881 420167
704 420722
504 420271
402 420828
773 420041
414 420150
240 420412
399 420798
421 420852
280 420741
525 420161
129 420395
618 420479
322 420627
912 420560
788 420029
302 420191
277 420878
428 420226
975 20
22 5 31 7 95 28 7 80 90 88 14 96 6 17 67 46 85 89 19 20 75 88 77 39 85 44 60 72 98 60 48 19 64 30 78 11 57 84 90 98 23 3 94 80 71 60 25 8 1 43 27 27 83 55 66 19 51 25 91 48 37 90 66 52 19 95 62 28 30 4 25 53 6 18 84 77 30 61 84 82 3 62 8 37 16 25 56 66 2 98 13 38 87 31 89 5 77 3 84 7 6 9 11 63 78 94 91 59 54 26 92 9 87 100 97 3 24 52 20 25 1 85 14 87 15 3 44 91 57 27 49 62 87 59 24 17 5 15 27 58 40 19 18 79 18 15 81 93 18 100 70 19 36 83 5 50 37 100 93 93 79 41 6 17 52 82 33 56 48 12 13 39 30 31 17 99 97 49 43 14 1 12 32 36 47 37 38 83 36 30 28 66 22 85 83 73 66 15 28 65 78 93 4 7 75 72 57 71 21 100 84 21 11 16 8 57 4 45 92 91 74 19 57 48 3 39 20 21 5 100 85 83 44 88 41 70 12 98 92 32 97 27 4 59 94 11 68 49 56 11 40 81 29 48 28 83 38 100 55 42 51 40 76 46 79 17 15 90 66 58 73 14 84 76 24 78 87 43 26 42 53 17 22 33 16 2 68 53 1 22 47 51 13 22 48 44 90 62 33 7 71 6 20 54 33 96 83 19 38 61 12 91 29 34 75 45 35 42 97 87 64 43 89 28 17 36 71 58 49 4 17 19 61 88 24 45 83 7 64 21 19 75 63 47 60 37 91 46 31 40 32 94 34 20 73 50 7 44 60 55 99 76 73 59 63 97 55 46 55 18 18 73 45 32 71 56 20 62 2 50 53 85 95 86 57 68 36 63 11 47 70 9 74 42 19 36 90 73 33 44 43 2 16 87 33 39 42 53 52 95 2 4 32 97 89 40 16 76 54 26 22 23 34 95 65 4 83 54 76 15 98 18 17 65 56 1 55 50 5 6 96 7 9 27 55 98 66 70 73 20 47 47 94 32 41 58 35 75 64 10 42 13 80 10 77 35 10 32 84 15 89 80 73 98 58 79 95 76 48 19 95 46 65 88 77 58 98 11 32 61 72 73 73 51 82 1 86 44 84 21 58 73 52 82 70 10 60 16 85 59 34 31 4 51 70 80 60 67 42 91 79 13 16 3 16 49 4 1 92 39 73 1 63 25 82 84 34 41 99 70 99 85 100 2 87 69 33 46 88 74 36 66 39 3 21 54 52 24 6 95 14 78 96 77 54 29 60 39 22 11 8 20 95 59 74 81 28 58 26 67 84 13 84 22 68 4 75 19 79 32 65 93 9 60 21 15 41 80 53 62 90 13 81 36 71 6 68 50 16 45 16 99 58 52 20 25 55 46 95 86 77 59 30 37 71 50 51 11 29 56 72 71 68 4 6 38 62 74 40 77 18 55 75 27 6 46 3 13 43 49 50 19 8 79 7 30 28 10 40 8 65 63 78 84 18 36 21 79 61 12 7 30 67 33 57 24 78 11 88 72 60 37 90 67 15 49 48 94 58 39 2 74 1 31 57 18 66 29 49 26 41 55 56 7 40 64 82 17 74 22 41 33 58 82 51 25 30 98 70 87 36 71 60 88 2 16 58 67 45 6 45 37 12 52 43 51 15 76 20 40 97 60 73 7 41 75 83 23 25 52 9 12 23 21 100 76 88 57 94 84 14 38 20 25 89 14 28 55 90 47 95 38 58 19 44 50 93 26 72 69 78 81 81 52 53 80 27 92 88 20 28 53 10 47 29 50 13 56 57 54 54 51 91 11 21 87 61 65 64 32 34 93 64 14 96 68 45 22 60 84 94 39 36 55 85 64 56 49 72 12 2 25 14 45 88 34 31 100 99 46 83 32 39 99 97 34 66 93 8 77 76 53 15 63 7 52 78 14 100 49 26 2 26 39 46 13 25 28 64 75 73 46 58 63 44 54 49 62 46 56 90 73 60 57 35 18 8 12 31 59 13 56 60 38 47 57 2 23 36 65 97 9 62 54 23 6 59 71 19 4 26 8 28 85 16 62 2 23 25 85 82 89 92 93 26 90 2 79 12 37 43 60 97 5 13 20 62 23 90 32 78 68 91 5 4 7 18 58 81 95 42 14 83 33 7 9 23 60 87 86 48 82 46 97 38 10 68 51 33 57 82 10 76 72 15
580 475371
307 475112
711 475425
205 474927
86 475487
182 475382
561 475785
132 474952
941 475738
919 474839
500 475298
329 475301
760 475464
133 475554
965 475246
486 475232
9 475332
282 475405
522 475638
295 475194
900 20
76 77 89 69 83 62 61 23 80 97 99 59 52 26 71 15 33 92 54 64 79 24 25 97 82 95 45 69 89 1 22 17 29 10 37 12 23 97 86 2 45 84 12 48 9 82 62 94 25 68 57 3 43 81 100 25 28 96 45 68 97 18 36 77 27 72 40 49 68 25 2 12 9 66 59 69 99 73 62 24 40 71 26 82 3 77 58 30 73 55 50 21 72 85 97 51 57 37 51 24 61 5 88 21 70 46 90 68 70 3 91 9 73 17 43 28 93 52 57 17 6 58 37 30 43 34 80 99 70 82 74 30 86 61 3 55 59 44 75 80 46 17 41 71 85 83 98 30 86 6 46 44 64 83 73 6 16 4 56 85 85 81 66 71 94 68 77 52 63 51 31 9 20 71 31 4 5 28 33 43 85 79 86 48 61 58 5 76 61 12 12 45 93 29 67 86 49 44 89 11 46 71 19 65 94 1 69 50 28 1 92 65 79 77 12 91 86 69 66 46 80 29 43 72 58 9 9 6 52 97 16 50 68 87 14 13 87 82 62 67 35 54 31 65 30 94 56 16 62 21 13 94 2 55 65 59 16 26 64 67 22 79 16 41 65 82 53 4 63 15 70 49 20 100 14 49 93 69 16 55 41 29 48 42 35 64 100 50 41 63 69 63 94 36 55 10 17 60 13 32 26 82 32 45 81 45 45 26 13 61 32 6 41 31 47 27 46 99 29 87 13 97 1 58 84 55 68 53 66 80 36 91 14 67 35 46 12 80 71 76 92 54 33 84 84 32 10 30 30 38 68 94 86 68 52 70 74 19 74 40 50 9 30 63 75 17 61 38 48 83 66 39 37 98 22 72 29 31 1 10 21 20 4 6 87 55 75 61 25 48 52 74 8 33 89 35 49 1 24 96 83 89 86 71 39 7 43 19 90 43 81 62 15 84 67 1 90 94 13 14 93 64 39 1 97 79 35 97 31 58 93 14 99 78 36 37 37 78 7 78 73 87 91 87 22 57 87 11 50 52 76 43 15 67 95 63 97 81 60 80 38 4 45 88 33 80 76 21 58 83 98 30 21 88 16 43 97 54 5 98 5 33 92 72 51 86 34 99 66 45 78 56 48 22 95 81 2 71 1 11 5 51 40 25 90 7 19 86 60 76 36 17 60 27 88 10 65 21 60 82 18 90 37 65 11 32 97 64 54 98 74 58 100 65 34 89 71 53 27 83 28 62 99 39 40 86 100 4 58 59 86 75 48 74 92 11 57 88 26 10 85 100 67 84 16 1 25 87 5 51 21 84 64 19 22 3 4 21 59 13 79 44 88 79 17 79 89 26 66 14 35 3 65 2 38 81 54 62 19 58 64 39 41 27 9 14 82 12 34 40 24 64 35 63 42 3 41 82 28 59 48 63 13 12 16 50 44 21 12 14 78 27 4 70 6 12 35 39 75 68 78 51 83 64 13 77 66 6 58 46 16 5 8 28 69 75 77 64 95 40 78 24 67 81 45 72 45 79 62 19 98 91 69 32 54 82 8 71 39 18 16 54 74 75 81 94 49 57 58 95 49 35 70 15 67 66 38 11 44 99 82 93 89 50 77 94 83 36 64 21 53 32 26 79 6 6 72 7 15 29 53 15 15 23 29 34 88 18 44 84 68 77 28 8 27 4 1 61 40 16 34 44 47 59 22 5 17 94 11 83 74 15 97 41 37 77 74 77 46 69 12 13 46 39 72 24 95 24 84 34 39 17 29 38 28 51 94 44 96 56 78 21 70 74 61 59 2 86 87 47 55 98 11 52 88 34 75 82 57 58 67 47 75 96 36 54 98 29 97 93 84 26 65 54 99 78 64 52 63 50 50 69 47 60 20 34 45 94 68 1 52 34 99 78 81 35 31 78 63 79 22 99 4 87 52 54 64 67 57 26 16 6 95 14 17 14 99 61 60 66 61 63 52 59 40 32 45 22 10 8 52 31 6 55 17 9 60 32 27 16 58 42 21 4 7 37 69 5 49 28 23 61 90 74 71 81 5 16 2 14
675 405198
197 404919
559 405286
692 404981
197 404833
285 404997
411 405194
209 404634
445 405374
221 404858
705 404856
53 405105
368 405327
127 404678
191 404971
38 404586
785 405217
496 404956
399 405164
65 404856
903 20
49 100 14 58 60 82 2 36 54 95 92 49 99 38 16 74 16 40 64 47 78 28 83 63 75 78 13 61 94 59 16 94 58 81 51 17 62 53 5 16 99 96 64 49 85 79 23 52 71 38 51 48 18 33 10 92 62 23 5 7 33 72 1 91 53 3 59 14 7 15 81 5 63 44 6 47 75 80 51 45 17 1 44 86 85 5 30 99 79 86 5 12 57 5 54 9 8 64 75 14 79 55 71 41 51 28 39 77 7 89 21 75 41 64 61 78 20 42 76 99 27 80 10 83 37 63 44 44 26 18 9 4 24 31 96 74 58 35 50 16 75 22 91 16 37 3 45 57 44 20 55 70 99 16 4 35 78 47 30 55 16 91 11 92 21 6 65 31 40 67 46 67 40 88 34 77 90 78 85 85 97 91 54 47 6 10 82 83 8 63 37 24 53 99 15 26 5 31 8 96 49 53 62 89 41 95 17 82 24 53 67 20 43 72 67 48 81 100 82 89 14 70 64 19 69 30 96 73 12 3 20 61 55 82 1 47 28 69 29 4 21 95 23 15 66 41 62 99 92 95 39 6 64 54 76 32 83 71 56 46 73 76 6 79 9 58 26 88 78 6 91 50 52 66 64 69 58 77 67 50 71 57 7 87 10 34 18 44 4 26 90 28 53 47 6 13 5 83 52 34 88 43 36 39 60 51 8 17 28 26 18 50 83 24 36 44 57 6 88 12 83 77 39 35 23 97 47 79 79 98 13 19 92 48 9 3 98 68 20 77 94 37 79 28 13 66 71 21 71 58 85 53 34 23 39 57 71 85 35 2 35 99 20 78 98 80 81 48 48 100 76 41 88 54 20 52 20 90 25 42 100 9 47 33 83 85 41 54 22 28 55 56 78 26 33 76 5 13 75 52 64 50 44 4 56 63 55 27 5 79 68 4 39 14 88 22 51 29 75 72 8 81 79 85 6 11 12 62 76 38 14 39 88 57 42 95 72 49 21 76 79 40 79 18 54 66 39 56 46 65 27 53 45 5 90 2 67 53 63 42 91 28 33 30 37 26 24 8 74 96 35 53 35 65 70 88 30 60 43 28 24 21 32 20 25 21 73 44 26 87 85 16 67 69 97 3 95 20 62 20 15 96 24 49 12 45 89 93 4 83 20 79 4 52 50 80 24 74 75 1 61 60 16 27 80 12 81 26 83 42 46 49 89 21 50 100 66 38 92 21 72 64 52 27 67 1 59 42 27 33 43 87 44 10 65 24 74 45 49 56 38 46 57 78 67 6 29 84 43 20 4 14 35 7 93 1 60 51 95 86 83 37 24 27 46 88 2 19 84 2 27 21 48 83 50 66 88 78 1 82 49 56 47 84 63 39 36 22 89 30 7 24 66 30 50 64 69 3 34 52 4 60 24 3 94 73 20 81 50 20 62 98 76 61 33 90 99 69 11 40 50 17 63 68 98 64 31 66 66 64 69 21 76 44 76 69 16 95 50 17 67 63 66 94 75 51 83 74 71 93 13 20 61 27 87 10 90 69 27 7 85 95 79 60 38 54 28 5 1 29 73 67 44 38 12 18 88 94 43 58 86 7 30 98 33 68 7 74 37 33 32 21 79 11 32 16 16 11 72 16 92 44 34 87 81 45 4 21 38 99 30 75 57 59 24 42 27 82 15 15 14 99 35 44 61 18 59 76 28 30 44 19 73 29 57 6 74 61 78 63 11 7 90 67 66 65 8 44 47 75 58 12 73 44 56 85 61 14 60 40 96 55 11 20 84 67 77 9 79 54 23 41 61 64 8 78 29 67 73 27 93 30 38 65 25 93 1 37 59 13 76 6 67 38 25 2 57 54 62 35 7 37 76 19 52 35 48 80 1 20 58 94 1 96 10 25 40 63 61 98 75 89 3 93 26 80 95 82 33 8 69 91 44 96 62 96 30 9 27 82 81 85 27 81 32 89 6 71 51 18 69 77 6 23 69 84 2 15 17 86 23 37 29 18 32 90 13 13 50 92 47 30 28 25 63 59 65 20 29 15 37 49 43
111 407505
736 407492
580 408150
320 407503
265 408028
845 407870
517 408025
752 408068
484 407568
721 408018
705 407428
653 407951
436 407933
207 407418
181 408108
190 407866
47 407885
52 407280
278 407785
627 407364
938 20
91 84 56 74 17 38 54 42 66 68 93 71 92 55 40 87 97 23 19 87 1 44 49 90 51 87 57 55 39 23 93 81 58 48 54 74 38 7 67 55 75 60 25 18 66 64 5 62 39 23 48 91 18 48 81 68 86 89 74 24 63 66 4 20 66 57 45 3 16 12 57 42 23 34 59 40 49 63 53 87 37 100 78 55 100 10 74 85 50 48 61 12 65 16 83 30 25 79 84 40 42 93 81 64 26 91 55 26 6 7 13 42 59 42 48 58 3 74 94 52 73 6 15 37 22 97 19 98 75 54 37 17 98 69 32 75 59 87 1 16 45 13 58 3 6 57 12 60 82 6 11 54 63 25 43 36 73 61 33 47 66 69 15 64 89 47 38 100 85 38 15 29 2 24 32 59 33 43 18 14 100 80 68 15 4 10 50 28 22 83 75 87 3 41 50 92 87 40 43 71 77 57 52 31 33 83 89 65 77 7 78 29 86 97 43 42 6 92 69 79 26 95 66 29 36 67 72 74 6 14 97 35 70 48 65 54 82 53 18 10 11 48 38 49 44 32 42 2 24 62 80 49 57 45 29 44 64 100 17 69 13 13 3 35 12 19 88 93 24 58 3 34 5 92 34 100 24 75 1 99 37 81 99 45 77 28 40 40 79 56 9 92 21 63 78 84 82 65 77 5 74 31 90 78 22 24 78 97 50 30 47 86 10 46 82 87 25 21 26 3 29 86 46 49 49 23 84 30 40 60 86 13 42 75 91 16 50 20 12 100 49 59 37 11 56 19 97 80 39 74 34 67 60 80 67 8 2 51 89 41 62 74 54 4 100 96 19 2 67 82 1 67 92 89 77 47 7 25 26 98 99 60 16 10 91 35 17 92 85 57 85 98 82 38 53 81 85 23 34 51 5 86 69 96 75 98 43 81 22 20 30 72 31 46 81 21 80 49 65 16 5 49 13 38 38 18 71 22 40 4 24 44 90 44 92 64 41 86 96 15 5 26 86 88 23 19 8 54 19 24 69 76 72 33 13 9 50 83 82 42 87 57 37 28 1 28 91 41 13 38 55 70 63 93 57 37 63 16 90 33 40 10 8 63 43 21 24 44 55 57 37 41 14 74 68 14 1 10 6 66 48 13 87 62 57 95 99 71 62 40 3 53 50 11 16 44 31 91 39 37 47 76 78 60 49 97 25 1 59 83 18 6 95 4 19 51 50 17 73 12 57 75 64 58 85 79 1 67 21 39 4 68 14 33 27 14 81 4 67 39 86 84 96 80 40 15 82 89 83 54 100 91 28 64 48 65 94 48 31 15 39 34 34 4 18 60 18 99 15 36 89 100 19 85 31 10 51 64 99 33 69 50 76 49 65 23 13 11 23 43 25 13 29 10 16 98 21 85 96 36 20 85 35 91 21 18 100 71 81 50 55 50 100 30 98 16 5 62 26 79 56 2 91 84 11 58 82 32 43 29 67 14 65 53 4 85 22 56 55 3 5 62 4 56 91 53 72 47 66 49 25 21 51 67 57 13 25 38 44 19 18 62 32 83 67 36 67 88 91 74 42 47 35 97 3 77 1 26 76 66 26 52 87 76 19 43 89 95 32 84 13 49 98 44 31 16 79 50 3 21 23 97 68 9 45 22 37 46 99 12 11 24 64 49 52 82 91 92 28 22 75 40 23 24 83 5 39 14 6 94 86 80 42 5 88 86 78 25 31 76 36 94 52 51 42 3 32 85 46 11 6 72 50 80 96 85 37 86 50 42 79 35 22 20 92 61 58 69 85 88 97 73 33 100 23 75 2 7 59 99 17 16 70 19 48 17 3 84 3 52 25 33 38 98 53 29 59 10 50 43 49 46 67 82 45 90 8 98 96 66 48 64 33 17 82 80 34 84 63 36 87 40 20 77 37 72 57 47 33 6 42 34 3 8 67 99 49 74 48 44 91 95 60 23 12 41 3 97 77 17 84 63 56 3 91 45 27 48 43 11 53 84 44 8 44 62 6 92 35 54 88 25 48 47 100 11 87 54 7 63 70 42 78 78 45 68 74 71 67 16 81 72 100 77 79 43 38 36 86 25 89 73 1 89 19 100 51 58 53 10 20 75 51 49 4 47 69 77
371 439887
2 439726
932 440059
372 440020
703 439871
128 439607
565 439612
391 439940
574 439858
891 440221
433 439626
848 440048
8 440128
13 439531
227 439515
885 439795
259 439506
140 440139
97 439881
440 439593
