6
10
16 38 43 43 8 26 32 77 48 64 35 67 13 27 6 17 11 55 35 59
5
70
75
7
12
23

25
86 165 88 201 7 112 108 128 73 144 74 116 53 141 117 140 85 98 4 21 56 99 48 51 80 85 76 166 7 106 18 95 63 101 27 64 29 113 23 94 17 112 82 161 104 180 117 183 40 117
25
106
31
95
37
240
158
47
163
58
169
155
35
125
199
243
183
43
217
50
17
12
192
152
63
115

50
1 500 500 500 117 355 77 257 215 327 199 314 15 106 166 399 3 165 1 45 81 235 247 431 30 172 75 110 111 336 161 221 143 358 24 42 41 256 177 371 238 392 235 450 21 100 116 288 99 225 96 108 168 377 124 300 41 225 17 230 245 252 165 375 209 433 244 276 124 226 248 322 114 277 225 463 34 192 103 200 167 365 233 438 238 307 115 183 215 215 59 217 121 363 127 288 157 213 243 474
50
55
24
305
415
181
183
251
77
53
197
218
480
316
486
370
159
15
142
34
213
403
58
356
148
285
201
62
456
193
171
186
409
100
378
303
213
434
414
207
394
42
347
26
212
349
99
84
296
93
45

15
1 1 118 118 90 90 70 227 5 137 30 35 5 73 111 145 1 182 195 203 6 113 104 146 155 190 61 102 7 198
8
1
163
295
123
102
13
194
90

20
3 194 53 297 110 130 160 265 12 25 62 212 134 301 184 350 170 176 220 288 32 61 82 230 54 220 104 310 19 48 69 224 92 237 142 318 75 253 125 326
15
5
302
259
253
85
54
161
63
185
221
83
105
70
143
126

15
235 341 39 235 162 230 151 193 119 222 66 230 61 239 192 342 173 281 146 317 180 375 43 140 67 207 76 97 66 152
8
235
46
90
337
44
43
228
275
