100
3 1 4
1100
1010
0000
1000
2 4 4
1111
1111
1111
0111
1011
1101
10 10 5
01010
01001
10101
10101
10011
11011
11011
11001
01100
01100
01100
01010
10101
11011
11001
10011
01001
01110
11010
00010
10 10 7
0101000
0001010
0101110
0100110
0101010
0100100
0100010
0101110
0101010
0101100
0100010
0101110
0101010
0001000
0001010
0101000
1101000
0100100
0100110
0101100
10 7 3
100
101
110
111
001
101
101
111
101
011
001
000
110
111
011
101
100
10 10 7
0010000
0010100
0111111
0000000
0000110
0011000
0010100
0011010
0010010
0000100
0000100
0000000
0011010
0010010
0010100
0111111
1010000
0000110
0011000
0010000
10 10 7
0110100
0011110
0011000
0011100
0011001
0001110
1111000
0110110
1011000
0011001
0110110
1111000
0011000
0110100
0011110
1110100
0001110
0011100
1011000
0011001
10 1 10
1110011000
0001100101
0101001111
1000111111
0110000011
1101000100
0001110100
1101100100
1010111110
1011010000
1100001101
10 10 4
0100
1001
1001
1001
1001
1001
0100
1110
1001
1001
0001
1100
1110
1101
0110
0100
1001
0101
1011
0000
10 10 9
110111100
101101100
100010001
000100111
100011111
000111010
011001111
001100110
011001110
011000100
000100111
011000100
011001111
011001110
000111010
101101100
001100110
100011111
110111100
100010001
6 7 8
11000100
00000110
00110111
01101000
10100110
10000010
00101100
11111011
01110110
00010111
10010001
00101111
00000100
7 3 4
0011
0101
0011
0111
0110
1101
0110
0001
1101
0111
10 10 7
1010111
1010111
1010111
1010011
1010111
1010111
1010111
1010111
1010111
1010011
1011111
1010101
1110011
1110111
1000111
1010111
1010011
0010011
1010110
0010111
10 1 1
1
0
1
1
1
0
1
1
0
1
1
7 1 4
0010
0100
0101
0100
0110
1101
1110
1111
3 7 9
100011011
010000111
111001000
111010000
100110011
001101000
111101101
000110001
001101011
100100000
10 10 9
110001000
110011100
110011110
110011100
011110111
110011100
100001000
110001100
110001000
110011110
011110111
110011110
110011100
010001000
110011000
110001000
110101000
100001000
111001000
110001100
10 10 5
11110
11110
11001
01110
10110
00111
00000
01000
01000
10111
11001
10111
11010
01110
11110
00111
11100
01000
10110
00000
2 4 6
011001
010001
101011
111111
011001
010001
10 10 9
011100011
111000111
001110100
110010001
111010011
111000011
011100010
111000011
111010001
011000011
111000011
111010001
110010001
011000011
011100010
111000111
001110100
011100011
111010011
111100011
10 10 6
011100
111111
110110
000110
000000
111110
110000
001111
100001
101101
000110
110110
011100
111111
100001
111110
101101
001111
000000
110000
10 10 7
1001110
1011100
0000110
1011100
1011100
1001010
1011101
1011100
1001100
1001100
0001110
1000110
1011110
1101110
1001010
1001110
1011101
1001100
0000110
1011100
10 10 6
001011
110011
001110
101100
010101
101101
110100
101100
101110
101010
101101
110011
001011
101110
110100
101100
001110
101011
010101
101010
10 10 10
0011001010
1011101111
1101011101
1111000001
1010011101
0101100101
0001000111
1011000100
1011101100
0010111000
1010011101
1011101100
1111000001
0001000111
1101011101
0011001010
0010111000
0101100101
1011101111
1011000100
10 10 5
11110
10100
11001
11110
10001
11001
11010
01101
00111
11000
10100
10110
01101
11001
11010
11110
00111
10001
11000
01110
10 10 10
0011001011
0111001011
1011001011
1111001011
1110010011
1111011011
1110001111
1110001011
1111010011
1110000011
1111011011
1110001111
1110010011
0011001011
1110001011
1111001011
1011001011
1111010011
1110000011
0111001011
3 10 10
0101011001
1111001011
0010010111
1000010001
0010111001
1010011110
0100000011
0000000100
0000000001
1111110110
0111000100
0111000111
1001010101
10 10 4
0111
0111
0111
0111
0111
0111
0111
0111
0111
0111
0011
1101
1011
0010
1110
0101
1111
0111
0001
0110
10 10 5
01001
01000
00001
01101
10101
00001
10010
00011
00001
11000
10010
01001
11001
10101
01000
01011
00001
11000
01101
00011
10 10 4
1101
1110
1100
1100
0100
1100
1111
1100
1111
0111
0110
1111
0111
0100
1100
0101
1101
1001
1110
1010
10 10 10
1001101100
0100100110
1001101011
0100001101
0110001101
1100101001
0011001000
1100101111
1011010111
0110010111
1001101100
1001101011
1011010111
0110001101
0100001101
1100101001
0110010111
1100101111
0100100110
0011001000
10 10 9
110011010
101011100
111110001
011110110
100011101
101110010
111100011
001010010
100111001
110000011
100111001
110000011
011110110
101011100
111100011
100011101
110011010
001010010
101110010
111110001
10 10 10
1011110111
0011011010
1111010011
0101101101
0011001111
1001111011
0010110001
0000110100
0110111000
0000111110
0011001111
0000111110
1111010011
0110111000
0101101101
0000110100
0011011010
1011110111
0010110001
1001111011
4 10 10
0010111010
1000001011
1110001000
1011000001
0101111111
1100101110
1000001110
0111101000
0110100101
1000101101
1111000110
1001010100
1000001000
1110001101
10 10 5
10111
10001
00001
10110
10011
10101
11011
10111
11010
00110
10110
10101
00111
10011
11011
10001
10111
00001
11010
00110
10 10 8
11100110
11010000
11010111
00101111
01010101
00100000
00110000
01000101
11101011
00111000
00111000
00110000
01000101
11100110
00101111
11101011
01010101
00100000
11010000
11010111
4 10 5
11010
10000
10100
10001
11101
01011
01101
10010
01111
11000
00001
10011
01100
00110
10 10 10
0101111010
0101111010
0101111010
0101111010
0101111010
0101111010
0101111010
0101111010
0101111010
0101111010
0011010101
0001111011
1111011000
0000110111
0101110101
0010000011
0100100100
1000111000
1000000001
1101111001
10 10 5
10101
00111
00001
10101
00101
10001
10100
00101
00101
00101
01111
00101
10001
00001
10100
11101
10101
10111
00111
00011
10 10 10
1001001011
1100100111
1000000011
0100100101
0100111011
1011111000
0111111111
0011010001
1110100001
0000010100
0110111110
0001010100
1001000000
1001001010
1000001010
1111000101
0011001001
1101100011
1101100010
1010111111
10 10 5
10011
01010
01011
01011
00001
00001
00011
00010
00011
11011
10001
01010
00001
10010
01011
11011
10111
00011
10011
00010
10 10 8
10011100
11001100
10101110
01101010
10011000
10000010
11001011
10001111
00011111
00101001
00101001
10101110
11001011
10011000
10001111
11001100
01101010
10011100
00011111
10000010
10 10 5
11110
11100
10000
11111
11011
00000
00001
11000
11010
00001
00000
11111
01110
11100
10000
11011
00001
11010
11110
11000
1 10 10
1100010100
1110001001
1011011101
0000101000
1111000011
0110000101
1100010100
1110100111
0001110001
0100001111
0001011000
10 10 5
00001
00001
00001
00000
10000
00011
01100
10011
00011
00101
00101
00000
01100
01001
00001
10011
10000
00011
10001
01000
10 7 5
10000
01100
01011
00100
01000
00101
01011
10011
00110
01111
00110
10000
11101
10101
01010
11100
01001
10 3 2
10
11
11
10
00
11
01
10
11
00
11
00
10
10 10 5
11100
11000
01000
01010
11101
11100
10101
11000
11001
11101
01000
11110
11000
10100
11001
11100
01100
01010
10101
11101
10 10 10
0001110011
0001110011
0001110011
0001110011
0001110011
0001110011
0001110011
0001110011
0001110011
0001110011
0101110011
0011110011
1001110011
0000110011
0001110001
0001111011
0001100011
0001010011
0001110111
0001110011
10 10 6
000101
000001
010110
000100
010101
100001
000001
010111
100001
010111
000001
010110
000111
100001
000101
010111
100101
010101
000100
001101
10 10 6
100111
011000
101111
100010
110001
001010
010011
100100
101001
001000
011000
001010
110001
100010
100100
100111
010011
001000
101001
101111
10 10 10
0011011111
1010011000
1010001111
1000011101
0101100110
1100011101
1101011010
1101000001
0100111110
1010011101
0011010100
1101111010
0100100100
0001111000
1010100010
1011101000
0000010010
1101011111
1111101010
0010001010
10 10 10
1101000110
1011011010
0100100000
0011101010
0000111000
1100110111
0001010010
0010111100
0001011110
1111010100
0000111000
0010111100
1100110111
0100100000
0011101010
0001010010
0001011110
1101000110
1011011010
1111010100
10 10 5
00110
01011
10010
01111
01111
01001
00001
11001
01000
00001
01011
01111
01000
00001
11001
00110
01110
10110
10010
01001
10 10 5
00010
00001
00010
00001
11001
00110
00011
10001
01010
11011
11001
00011
01010
00010
00110
00001
10001
00000
11011
10010
10 3 2
01
10
01
11
00
01
10
11
01
11
11
01
10
1 1 10
1111111111
1111111111
10 10 5
01110
01001
00101
11101
10111
11110
01010
00110
00010
00101
01100
11011
10111
11111
00010
10010
11010
10110
00001
00000
10 10 7
1111011
1111011
1111011
1111011
1111011
1111011
1111011
1111011
1111011
1111011
0011011
1110011
1111001
1011011
1101011
0101011
1111111
0111011
1111011
1111010
10 10 5
11110
11110
11110
11110
11110
11110
11110
11110
11110
11110
01010
10110
11111
11100
00110
01110
11010
11110
01100
01111
10 10 6
010111
111100
111111
111000
100110
111100
101111
011010
100001
001111
110111
100001
001111
111100
100110
010111
111111
011010
101111
111000
1 10 10
1011010000
1111110111
1110100011
0000000001
1011010000
0111110111
1111011101
0001001110
0010000111
0101010000
1111011011
10 10 7
1000001
0100001
0000011
0000111
0000010
1110011
1101000
1100110
0101000
1111000
1101000
1111000
0100001
0000111
0000011
1000001
0101000
1110011
1100110
0000010
10 10 4
1000
0101
0110
1101
1110
0101
1000
0000
1111
0011
0101
0110
1101
1100
1111
0000
1000
1110
1010
0011
10 10 8
00100100
00100110
11000100
00111001
00110001
00111101
10100100
00110101
00110011
10000100
00110101
00111101
00110001
10100100
00100110
00111001
00110011
10000100
00100100
11000100
3 10 10
0111000101
1000110100
1000011001
0110110110
1010000111
0010100000
0001100010
1000000100
0111111111
1010001010
0101111111
1111011010
0101010011
10 10 7
0101000
1010011
1000011
0100000
1001011
0100001
1110011
1100011
0100011
1001001
0100000
1001011
1100011
1001001
0100011
0101000
1000011
0100001
1010011
1110011
5 4 10
0111011011
0010011010
1101011101
1001011110
0111111101
1000011111
0101111100
1111110110
0001100111
10 10 10
1010011111
1101000100
0101010001
1111000110
1000011011
0111010111
0000100000
0010100100
1000001110
0011000101
1101000100
1111000110
0101010001
1010011111
1000001110
0010100100
0111010111
0011000101
0000100000
1000011011
10 1 1
0
1
0
0
1
0
1
0
0
1
0
1 10 10
0110011001
0110011001
1110100100
0010101100
0010011101
0111110000
0010001101
0111111000
0010100110
0100111101
0110110001
10 10 8
11010110
00110100
01101110
01110110
01110100
01010110
11111110
01100110
01110010
01111110
01010110
01101110
11010110
01110110
01110010
01100110
11111110
01111110
00110100
01110100
10 10 4
1001
1001
1110
0000
0100
0101
0011
0101
0000
1111
0001
0101
0100
0011
1101
1001
1110
0000
1011
1111
10 10 9
010100010
110110010
010110010
110101000
000001000
100100100
110101100
010110000
110100100
110000100
010100010
110110010
110000100
110101000
110101100
110100100
010110010
000001000
100100100
010110000
6 6 6
001111
100000
011010
101111
101001
001011
100110
000011
101011
111011
011011
100010
10 10 6
100111
110111
100100
100110
100111
100101
100101
110101
100011
010111
110111
101111
100011
100111
100101
110101
100110
100100
010111
000111
10 5 6
111111
011010
001111
011011
000011
000101
010010
011000
001010
111011
010001
010110
010111
010000
011100
10 10 4
0001
0011
1000
1110
0010
0111
1100
1010
1101
1100
1101
0111
1010
0001
0010
0011
1000
1100
1110
1001
10 10 6
001100
001101
100000
001000
001000
001101
000100
000000
001011
001111
000000
011100
001000
101100
001011
001101
000100
100000
001100
001111
1 10 10
1001010000
0101100100
1001110100
1100100100
1101110000
1001010000
1011001100
1100110010
1000100110
0111100100
1100101101
10 10 9
011101001
011101001
011101001
011101001
011101001
011101001
011101001
011101001
011101001
011101001
011001001
001101001
011111001
011101011
011101000
011100001
010101001
011101101
111101001
011101001
10 10 9
000010101
010010101
101000100
000010100
100001000
100000101
110000100
100000100
100001100
001010101
101000100
100000101
000010101
100001100
110000100
001010101
000010100
010010101
100001000
100000100
10 10 8
10001010
11010010
11111101
01011111
11100000
10101101
00010000
10001011
10110110
00101011
00010000
10110110
00101011
11010010
11100000
10101101
01011111
10001011
11111101
10001010
10 10 8
00000011
00101111
11011010
11010001
11011100
11110011
01010110
01011001
11001100
00011011
11011100
11011010
11001100
11010001
01010110
00000011
11110011
00101111
01011001
00011011
1 10 10
1100011111
1011111111
0001001011
0100111111
1100011111
0101101001
0001101000
1100110100
1010001111
0000100001
0101110000
10 10 8
10101010
01100010
11101010
11100110
11100010
11101110
01100110
00100010
01101010
11101010
01101010
11101010
01100010
00100010
11100110
10101010
01100110
11101110
00101010
11100010
10 10 10
0010001110
1011011010
1111011010
0010001110
0010001110
0010001111
0010001110
0010001110
0000001111
0000001111
0010001111
0110001110
0000001110
1111011010
0011001110
0010001110
0010101110
0000001111
1010001110
1011011010
1 1 1
1
1
10 10 4
0011
1100
0000
1000
0001
0110
1101
1011
0010
1100
0110
0001
0111
1011
0011
1100
1000
1101
0010
0000
10 10 9
010101001
000010101
010111001
010111101
010010111
010000101
010111001
010110010
010010101
010010101
010010101
110101001
000101001
010101001
010000101
000010101
010010111
010110010
010111001
010111101
1 1 4
0000
0000
10 10 10
0111100100
0101100101
0100100100
0100100101
0100100101
0111100100
0110100100
0110000100
1011100110
1011100110
1010000011
1111011101
0001000111
1110010000
1011111110
0000000101
0111110011
0110001001
1111100111
1010111001
10 10 9
000110000
110001011
100001110
010010100
100001110
111011001
001101011
011011100
110000000
100001101
100001101
110000000
100001110
001101011
011011100
111011001
000110000
010010100
110001011
100110000
10 10 7
0000010
0101000
0110100
1000101
1111000
1000111
1001100
0011100
1111011
0101000
1000010
0011100
1001100
1000111
0110100
0000010
1000101
0101000
1111011
1111000
10 10 4
0100
0100
0110
0100
1101
0100
1111
1101
1111
1101
0000
1101
0110
0100
1111
0010
0101
1100
0111
1110
10 10 5
10111
10111
10111
10111
10111
10111
10111
10111
10111
10111
00110
00011
11111
00111
10011
01111
00101
10111
10110
10101
10 10 9
111010110
101100111
001000011
100101100
101100010
010001100
000101110
010010010
110001001
010010111
001000011
010010010
010001100
000101110
010010111
101100010
111010110
101100111
110001001
100101100
10 10 10
0010100100
1000000100
0110100000
0001101011
0001010111
0011100001
1011111001
0000001000
0111010001
0000000111
0101111110
1100100011
1101001001
0010101111
1010100100
0111010110
1010001111
1111111100
0100101010
0101101010
10 10 4
0100
0100
0100
0100
0100
0100
1111
0100
0100
0100
0110
1011
1110
1101
0111
0101
0000
1111
0100
1100
10 10 9
001000101
000001111
000110100
100001000
110100011
101100011
101110101
000010111
010101100
011001000
100001000
000010111
101110101
101100011
011001000
001000101
000110100
010101100
110100011
000001111
